HexagonoPiramide
7
0.0 0.0 0.0
1.0 0.0 0.0
1.5 0.87 0.0
1.0 1.73 0.0
0.0 1.73 0.0
-0.5 0.87 0.0
0.5 0.87 1.5
6 0 1 2 3 4 5
3 0 1 6
3 1 2 6
3 2 3 6
3 3 4 6
3 4 5 6
3 5 0 6
-1
PentagonoPiramide
6
0.0 0.0 0.0
1.0 0.0 0.0
1.5 0.87 0.0
0.5 1.4 0.0
-0.5 0.87 0.0
0.5 0.87 1.5
5 0 1 2 3 4
3 0 1 5
3 1 2 5
3 2 3 5
3 3 4 5
3 4 0 5
-1
OctagonoPiramide
9
0.0 0.0 0.0
1.0 0.0 0.0
1.71 0.71 0.0
1.71 1.71 0.0
1.0 2.41 0.0
0.0 2.41 0.0
-0.71 1.71 0.0
-0.71 0.71 0.0
0.5 1.2 1.8
8 0 1 2 3 4 5 6 7
3 0 1 8
3 1 2 8
3 2 3 8
3 3 4 8
3 4 5 8
3 5 6 8
3 6 7 8
3 7 0 8
-1